172
182
240
246
422
677
704
911
954
1188
1248
1497
1501
1736
2153
2240
2409
2425
2514
2919
3141
3231
3553
3927
4473
5423
5715
5986
6120
6311
6701
6717
6964
7159
7509
7602
7750
8197
8657
9710
9970
9981
10048
10140
10308
10617
10710
10821
11133
11154
11175
11316
11445
11501
11561
11620
11645
11867
11966
12193
12307
12329
12381
12617
12631
12740
12871
12950
13776
13998
14363
14562
14709
14872
15189
15269
15656
15968
16012
16342
16506
16649
16758
16826
17428
17812
18387
18537
18711
18931
19012
19185
19238
19321
19560
19672
19808
20059
20072
20296
20321
20322
20401
20477
20550
21083
21153
21314
21327
21737
21798
21802
21826
22029
22152
22375
22668
22702
23105
23419
23638
23705
23934
23979
24036
24283
24290
24434
24798
24879
24901
25089
25258
25618
25834
26178
26186
27376
27674
27724
28003
28646
28707
29283
29595
29757
29885
30087
30122
30338
30556
30557
30863
30895
31060
31179
31332
31553
31615
31678
31824
31916
32108
32239
32239
32356
32589
32610
32726
32817
32984
33149
33466
33542
33609
33702
33752
33783
33913
34309
34354
34367
34458
34465
34741
34882
35304
35745
35955
36371
36372
36541
37212
37261
37286
37459
37528
38090
38145
38271
38277
38535
38669
38913
39034
39666
39700
40297
40586
40685
40814
41233
41742
41800
41862
42329
42334
42565
42737
42973
43022
43054
43233
43371
43451
44370
44420
44483
44823
44973
45319
45393
45688
45820
46028
46057
46315
46338
46369
46570
46587
46801
46884
47037
47222
47628
47769
47994
48162
48241
48343
48927
49002
49137
49298
49320
49464
49808
50562
50837
51532
51904
52146
52193
52292
52732
52915
52948
53316
53440
53536
53666
53668
53889
53912
54215
54397
54604
54767
54796
54989
55122
55712
55799
56100
56190
56334
56671
56721
56866
57453
57955
58527
58923
59036
59283
59451
59904
59990
59994
60050
60380
60747
60748
61038
62185
62362
62409
63153
63196
63817
64287
64341
64399
64808
65166
65228
65233
65242
65250
65313
65397
65685
65723
65767
65775
66290
66504
67172
67640
67811
67909
68044
68072
68108
68218
68276
68655
68782
68805
69095
69144
69349
69563
69680
69967
70059
70103
70114
70116
70302
70475
70796
70800
71020
71230
71327
71843
71936
72434
72830
73236
73758
74005
74203
74555
74766
75096
75153
75333
75436
75711
76138
76178
76297
76582
76740
76780
76980
77097
77127
77397
77473
77476
77989
78368
78653
79110
79362
79536
79729
79813
80327
80649
80697
81045
81274
81564
82024
82204
82396
82423
82482
82995
83414
83608
83787
83908
83994
84051
84368
84487
84546
84679
84850
85128
85135
85767
85822
86069
86082
86286
86454
86469
86495
86636
86801
87116
87130
87368
87390
87588
87937
87977
88094
88300
88338
88476
88481
88801
89141
89999
90213
91385
91482
91632
91633
91669
91776
91856
92314
92370
92377
92895
93021
93150
93277
93624
93885
93899
94106
94287
94546
94602
94629
94832
94968
95567
96089
96127
96512
96599
96638
97525
97609
97628
97878
97893
98254
98535
98626
98705
99152
99309
99784
99848
100040
100118
100219
100310
100412
100676
100691
100778
100834
100907
100931
101222
101534
101627
101879
102138
